0 0.184782609375 0.2633333328125 0.1987577640625 0.2633333328125 0.2065217390625 0.247777778125 0.18944099375 0.242222221875 0.17701863281250002 0.247777778125 0.1754658390625 0.25555555625 0.184782609375 0.2633333328125
0 0.2934782609375 0.272222221875 0.305900621875 0.272222221875 0.313664596875 0.26555555625 0.3121118015625 0.252222221875 0.30279503124999996 0.2488888890625 0.288819875 0.25444444375 0.28416149062499996 0.262222221875 0.2934782609375 0.272222221875
0 0.77950310625 0.67444444375 0.7981366453125001 0.672222221875 0.80279503125 0.6688888890625 0.799689440625 0.657777778125 0.7810558999999999 0.65444444375 0.7717391296875 0.6599999999999999 0.768633540625 0.67 0.77950310625 0.67444444375
0 0.7065217390625 0.48444444375 0.7220496890625 0.48555555625 0.7298136640624999 0.48 0.7298136640624999 0.4711111109375 0.723602484375 0.46444444375 0.708074534375 0.46333333281250005 0.6987577640625 0.47000000000000003 0.69720496875 0.47888888906249993 0.7065217390625 0.48444444375
0 0.2624223609375 0.4166666671875 0.27950310625 0.41777777812499994 0.288819875 0.41 0.288819875 0.40222222187499995 0.2810559 0.39555555625 0.268633540625 0.39555555625 0.254658384375 0.40444444375 0.254658384375 0.41 0.2624223609375 0.4166666671875
0 0.3245341609375 0.1888888890625 0.34006211249999996 0.19 0.34937888125 0.17555555625000002 0.34161490625 0.167777778125 0.3245341609375 0.1666666671875 0.315217390625 0.16999999999999998 0.313664596875 0.18 0.3245341609375 0.1888888890625
0 0.5031055906249999 0.43222222187500003 0.523291925 0.43 0.526397515625 0.4166666671875 0.504658384375 0.40888888906250004 0.489130434375 0.4166666671875 0.49223602499999997 0.42888888906249995 0.5031055906249999 0.43222222187500003
0 0.45496894374999997 0.367777778125 0.47049689375000003 0.3688888890625 0.476708075 0.3611111109375 0.4751552796875 0.35111111093749997 0.46739130468749995 0.34555555625 0.4518633546875 0.34555555625 0.44254658437499994 0.35111111093749997 0.4409937890625 0.36 0.45496894374999997 0.367777778125
0 0.1878881984375 0.73555555625 0.20496894375000002 0.73555555625 0.21273291875 0.727777778125 0.20807453437499998 0.7166666671875 0.18633540312500002 0.7133333328125 0.1754658390625 0.7166666671875 0.1754658390625 0.7288888890624999 0.1878881984375 0.73555555625
0 0.413043478125 0.6188888890625 0.428571428125 0.6166666671875001 0.43167701875000003 0.6011111109375 0.4177018640625 0.5933333328125 0.40527950312499994 0.592222221875 0.397515528125 0.6066666671875 0.40062111875 0.6133333328125 0.413043478125 0.6188888890625
0 0.2065217390625 0.3688888890625 0.22204968906250003 0.3611111109375 0.2251552796875 0.34555555625 0.2018633546875 0.3411111109375 0.1878881984375 0.3466666671875 0.18633540312500002 0.3588888890625 0.2065217390625 0.3688888890625
0 0.3121118015625 0.747777778125 0.32142857187499996 0.7433333328125 0.31832298125 0.727777778125 0.29037267031249997 0.7244444437500001 0.2779503109375 0.7311111109375 0.27950310625 0.74444444375 0.3121118015625 0.747777778125
0 0.8509316765625 0.2366666671875 0.8618012421874999 0.22777777812500002 0.8586956515624999 0.21888888906249998 0.8198757765625 0.20444444375 0.81832298125 0.21555555625 0.83385093125 0.23555555625000002 0.8509316765625 0.2366666671875
0 0.40527950312499994 0.12444444375 0.4254658390625 0.127777778125 0.44409937812500005 0.12 0.43944099375 0.1111111109375 0.4037267078125 0.1 0.3959627328125 0.10555555624999999 0.3959627328125 0.11444444375 0.40527950312499994 0.12444444375
0 0.4145962734375 0.21111111093749999 0.43944099375 0.207777778125 0.44720496875000004 0.1988888890625 0.4456521734375 0.19 0.41614906874999996 0.18444444375 0.4037267078125 0.19 0.4037267078125 0.20555555625 0.4145962734375 0.21111111093749999
0 0.27173912968749997 0.5 0.2748447203125 0.507777778125 0.32608695625 0.507777778125 0.329192546875 0.49000000000000005 0.313664596875 0.4888888890625 0.305900621875 0.492222221875 0.2779503109375 0.4911111109375 0.27173912968749997 0.5
0 0.1413043484375 0.47888888906249993 0.1614906828125 0.48111111093750003 0.1754658390625 0.47555555624999996 0.178571428125 0.4611111109375 0.1677018640625 0.4533333328125 0.15062111875 0.4511111109375 0.1350931671875 0.457777778125 0.131987578125 0.47000000000000003 0.1413043484375 0.47888888906249993
0 0.1614906828125 0.802222221875 0.1801242234375 0.8055555562500001 0.18944099375 0.7988888890625 0.1878881984375 0.7811111109375 0.1801242234375 0.7733333328125 0.163043478125 0.7711111109375001 0.1444099375 0.78 0.1428571421875 0.7877777781249999 0.1614906828125 0.802222221875
0 0.45496894374999997 0.7433333328125 0.4860248453125 0.742222221875 0.49844720468750003 0.7311111109375 0.49378882031250004 0.7166666671875 0.473602484375 0.707777778125 0.45496894374999997 0.70555555625 0.436335403125 0.7166666671875 0.4378881984375 0.73555555625 0.45496894374999997 0.7433333328125
0 0.694099378125 0.6244444437500001 0.7096273296875 0.6455555562499999 0.7220496890625 0.63555555625 0.7173913046875 0.6211111109375 0.7282608703125 0.61 0.7282608703125 0.5966666671875 0.7158385093749999 0.5866666671874999 0.694099378125 0.58555555625 0.6677018640625 0.59555555625 0.6677018640625 0.61 0.694099378125 0.6244444437500001
0 0.5341614906250001 0.45444444375000004 0.5403726703125 0.462222221875 0.555900621875 0.4688888890625 0.579192546875 0.4688888890625 0.59161490625 0.46444444375 0.6071428578125 0.447777778125 0.6226708078125001 0.442222221875 0.6273291921874999 0.43222222187500003 0.6195652171875 0.42222222187499997 0.6055900624999999 0.42111111093750003 0.5931677015625 0.4311111109375 0.5403726703125 0.43333333281249997 0.5341614906250001 0.45444444375000004
0 1 0.27 0.9922360250000001 0.26444444375 0.9518633546874999 0.25444444375 0.8944099375000001 0.2533333328125 0.8804347828125 0.26 0.8602484468749999 0.28444444375 0.8695652171875 0.2988888890625 0.9037267078125 0.31222222187500004 0.9689441000000001 0.322222221875 1 0.32 1 0.27
0 0.291925465625 0.562222221875 0.3431677015625 0.5700000000000001 0.3540372671875 0.58555555625 0.381987578125 0.5811111109375 0.4021739125 0.5666666671875 0.41614906874999996 0.57555555625 0.4534161484375 0.57555555625 0.489130434375 0.5688888890625 0.5031055906249999 0.5611111109375 0.495341615625 0.5411111109375 0.465838509375 0.5333333328125 0.428571428125 0.5333333328125 0.40527950312499994 0.5533333328125 0.3990683234375 0.5533333328125 0.368012421875 0.5333333328125 0.3322981359375 0.5188888890625 0.3012422359375 0.5177777781249999 0.273291925 0.5333333328125 0.2748447203125 0.5522222218749999 0.291925465625 0.562222221875
0 0.27950310625 0.6777777781250001 0.2724449453125 0.6636363640625 0.25409373281250003 0.6646464640625 0.24985883750000001 0.674747475 0.2625635234375 0.6767676765624999 0.27950310625 0.6777777781250001
0 0.1425748171875 0.7646464640625 0.1425748171875 0.75656565625 0.12845849843749998 0.7575757578125 0.125635234375 0.7676767671875 0.13551665625 0.7696969703125001 0.1425748171875 0.7646464640625
0 0.27526820937499996 0.603030303125 0.271033315625 0.59494949375 0.2569169953125 0.59393939375 0.2526821015625 0.609090909375 0.271033315625 0.615151515625 0.27526820937499996 0.603030303125
0 0.47148503750000004 0.2979797984375 0.45736871875 0.289898990625 0.4474872953125 0.29494949375 0.45172219062499996 0.30606060625 0.46725014062500003 0.30707070625 0.47148503750000004 0.2979797984375
0 0.3133822703125 0.34949495 0.31902879687499996 0.34343434375 0.31055900625 0.3333333328125 0.29220779218750004 0.3373737375 0.2851496328125 0.35050505 0.2964426875 0.3515151515625 0.3133822703125 0.34949495
0 0.6394692265625 0.329292928125 0.645115753125 0.3161616171875 0.645115753125 0.309090909375 0.6281761718750001 0.309090909375 0.615471484375 0.31414141406249996 0.6239412765625 0.324242425 0.6394692265625 0.329292928125
0 0.5921875 0.6109375 0.0125 0.0078125
0 0.58828125 0.36796875 0.01953125 0.01484375
0 0.5578125 0.36640625 0.0140625 0.0125
0 0.85625 0.425 0.0265625 0.01328125
0 0.3921875 0.44921875 0.0140625 0.01015625
0 0.3359375 0.38203125 0.003125 0.00078125
0 0.33984375 0.38515625 0.01015625 0.0171875
0 0.04765625 0.903125 0.03359375 0.0203125