0 1 0.097777778125 0.9576642328125 0.0688888890625 0.9591240875 0.037777778125 0.937226278125 0.013333332812500001 0.9153284671874999 0.008888889062499999 0.8540145984375 0.008888889062499999 0.8189781015625 0.013333332812500001 0.77956204375 0.012222221875 0.76350365 0.04 0.732846715625 0.047777778124999996 0.7036496343749999 0.06999999999999999 0.708029196875 0.0888888890625 0.7649635031249999 0.127777778125 0.7605839421875 0.137777778125 0.7416058390625 0.15 0.73430656875 0.1666666671875 0.7357664234375 0.1833333328125 0.748905109375 0.1966666671875 0.8175182484375 0.202222221875 0.8423357671874999 0.2 0.851094890625 0.1933333328125 0.855474453125 0.17444444374999998 0.8627737218749999 0.1666666671875 0.94744525625 0.162222221875 0.9708029203124999 0.15555555625 0.9810218984375 0.14555555625 1 0.11000000000000001 1 0.097777778125
0 0.481751825 0.14444444375 0.496350365625 0.167777778125 0.518248175 0.1866666671875 0.5518248171875 0.197777778125 0.5810218984375 0.20111111093749998 0.62481751875 0.2 0.6379562046875 0.19444444375 0.6306569343749999 0.1711111109375 0.5868613140625001 0.1266666671875 0.553284671875 0.12 0.5153284671875 0.12 0.49197080312499997 0.1288888890625 0.481751825 0.137777778125 0.481751825 0.14444444375
0 0.6116788328125 0.0166666671875 0.7007299265625 0.0011111109375000002 0.5678832109374999 0 0.564963503125 0.014444443749999999 0.5708029203125 0.0166666671875 0.6116788328125 0.0166666671875
0 0.3810218984375 0.06 0.41167883281249995 0.058888889062500005 0.47007299218750004 0.047777778124999996 0.4890510953125 0.0333333328125 0.508029196875 0.00555555625 0.5313868609375 0.0011111109375000002 0.42481751875 0 0.3883211671875 0.03 0.3766423359375 0.047777778124999996 0.3810218984375 0.06
0 0 0.1066666671875 0.0496350359375 0.10555555624999999 0.0890510953125 0.0866666671875 0.10364963437500001 0.08555555625 0.1605839421875 0.0511111109375 0.1591240875 0.037777778125 0.1459854015625 0.037777778125 0.06569343125 0.057777778125 0 0.062222221875 0 0.1066666671875
0 0.10656934375 0.252222221875 0.1270073 0.2666666671875 0.1985401453125 0.27444444375 0.2905109484375 0.2711111109375 0.30218978124999996 0.2666666671875 0.2905109484375 0.247777778125 0.267153284375 0.24333333281249997 0.255474453125 0.2311111109375 0.2408759125 0.2288888890625 0.22627737187500002 0.21444444375 0.128467153125 0.21000000000000002 0.1153284671875 0.2133333328125 0.10218978125 0.2266666671875 0.10656934375 0.252222221875
0 0 0.43444444375 0.010218978125 0.442222221875 0.0321167890625 0.442222221875 0.0437956203125 0.43222222187500003 0.0408759125 0.4188888890625 0.067153284375 0.41111111093749997 0.0788321171875 0.40222222187499995 0.0802919703125 0.38555555625000004 0.062773721875 0.36555555625 0.081751825 0.35444444375 0.087591240625 0.33999999999999997 0.0773722625 0.3288888890625 0.0598540140625 0.3233333328125 0.055474453125 0.30444444375 0.0423357671875 0.29333333281249996 0.02481751875 0.2866666671875 0 0.28555555625 0 0.43444444375
0 0.564963503125 0.4533333328125 0.5708029203125 0.46555555625 0.589781021875 0.47555555624999996 0.63649635 0.4888888890625 0.7124087593749999 0.48111111093750003 0.7094890515625 0.46666666718750005 0.6583941609374999 0.43555555625000003 0.6306569343749999 0.4266666671875 0.57956204375 0.42444444375 0.554744525 0.427777778125 0.54744525625 0.44333333281250004 0.564963503125 0.4533333328125
0 0 0.92555555625 0.0802919703125 0.91555555625 0.11240875937499999 0.8966666671875 0.15182481718750002 0.887777778125 0.16496350312500002 0.8733333328124999 0.1503649640625 0.8688888890625 0.1226277375 0.8755555562499999 0.062773721875 0.8733333328124999 0.010218978125 0.8800000000000001 0 0.8855555562499999 0 0.92555555625
0 0.1226277375 0.7211111109375 0.1226277375 0.73444444375 0.15182481718750002 0.7366666671875 0.17226277343750002 0.7288888890624999 0.2 0.7288888890624999 0.23795620468749998 0.7144444437499999 0.267153284375 0.6888888890625 0.281751825 0.68444444375 0.2642335765625 0.6777777781250001 0.1824817515625 0.6733333328125 0.15182481718750002 0.687777778125 0.13430656875 0.70444444375 0.1226277375 0.7211111109375
0 0.3459854015625 0.607777778125 0.31532846718749996 0.61555555625 0.2905109484375 0.632222221875 0.29343065625000003 0.6466666671875 0.3255474453125 0.67 0.3211678828125 0.68444444375 0.308029196875 0.6944444437499999 0.308029196875 0.7088888890625 0.318248175 0.72 0.33868613125 0.7266666671875 0.46423357656249997 0.7266666671875 0.4788321171875 0.7233333328125 0.5007299265625 0.7122222218750001 0.5094890515625 0.6933333328125 0.54306569375 0.672222221875 0.54744525625 0.6533333328125 0.518248175 0.63555555625 0.5109489046875 0.60555555625 0.48029197031250004 0.5988888890624999 0.45693430625 0.5700000000000001 0.3912408765625 0.56555555625 0.3766423359375 0.5688888890625 0.3620437953125 0.5788888890624999 0.3459854015625 0.607777778125
0 0.6072992703125 0.7022222218749999 0.6846715328124999 0.707777778125 0.69343065625 0.7022222218749999 0.691970803125 0.6911111109375 0.671532846875 0.6799999999999999 0.6145985406250001 0.67555555625 0.5912408765625 0.682222221875 0.5956204375 0.6944444437499999 0.6072992703125 0.7022222218749999
0 0.7270073 0.7266666671875 0.7562043796875 0.742222221875 0.8058394156249999 0.7511111109375 0.8481751828125 0.75 0.8992700734374999 0.7388888890625 0.9007299265625001 0.7322222218750001 0.8729927 0.71555555625 0.82481751875 0.7 0.7941605843749999 0.6966666671875 0.7313868609374999 0.7022222218749999 0.7255474453125 0.7088888890625 0.7270073 0.7266666671875
0 0.7299270078125 0.6711111109375001 0.76350365 0.6733333328125 0.8029197078125 0.6677777781249999 0.8583941609375 0.6688888890625 0.9051094890625 0.6555555562500001 0.9270073 0.6599999999999999 0.9386861312500001 0.652222221875 0.937226278125 0.6388888890625 0.9270073 0.63444444375 0.8394160578125 0.6288888890625 0.8072992703124999 0.6333333328124999 0.74744525625 0.6533333328125 0.7299270078125 0.6711111109375001