0 0.8618012421874999 0.43444444375 0.868012421875 0.42888888906249995 0.8664596265625001 0.42111111093750003 0.8602484468749999 0.4166666671875 0.8478260875 0.4166666671875 0.84161490625 0.42222222187499997 0.8431677015625001 0.43 0.8618012421874999 0.43444444375
0 0.27173912968749997 0.61555555625 0.2779503109375 0.612222221875 0.2779503109375 0.602222221875 0.2639751546875 0.5933333328125 0.25155279531249997 0.6011111109375 0.25 0.607777778125 0.27173912968749997 0.61555555625
0 0.27018633593749997 0.6799999999999999 0.276397515625 0.67555555625 0.276397515625 0.6666666671875 0.268633540625 0.6611111109375 0.257763975 0.6611111109375 0.24689440937499998 0.672222221875 0.260869565625 0.6799999999999999 0.27018633593749997 0.6799999999999999
0 0.6350931671875 0.3288888890625 0.647515528125 0.32555555625 0.6459627328125 0.31222222187500004 0.6304347828125 0.3066666671875 0.6226708078125001 0.31222222187500004 0.624223603125 0.32555555625 0.6350931671875 0.3288888890625
0 0.192546584375 0.26555555625 0.20807453437499998 0.257777778125 0.20807453437499998 0.247777778125 0.2018633546875 0.24333333281249997 0.1878881984375 0.24333333281249997 0.178571428125 0.2488888890625 0.1754658390625 0.25888888906249996 0.192546584375 0.26555555625
0 0.413043478125 0.6166666671875001 0.43012422343749995 0.61555555625 0.434782609375 0.6011111109375 0.428571428125 0.5966666671875 0.4114906828125 0.59555555625 0.4021739125 0.6 0.4037267078125 0.6111111109375 0.413043478125 0.6166666671875001
0 0.27950310625 0.4166666671875 0.288819875 0.4011111109375 0.2810559 0.39444444375 0.268633540625 0.39444444375 0.2562111796875 0.4011111109375 0.257763975 0.41444444375 0.27950310625 0.4166666671875
0 0.4456521734375 0.31222222187500004 0.45962732968750003 0.3133333328125 0.46894410000000003 0.3066666671875 0.46894410000000003 0.29555555624999996 0.461180125 0.29 0.4487577640625 0.29 0.43944099375 0.2988888890625 0.4409937890625 0.307777778125 0.4456521734375 0.31222222187500004
0 0.1832298140625 0.7322222218750001 0.200310559375 0.73444444375 0.211180125 0.73 0.20341614843750003 0.71555555625 0.1832298140625 0.7133333328125 0.17391304375 0.7166666671875 0.17391304375 0.722222221875 0.1832298140625 0.7322222218750001
0 0.7065217390625 0.48444444375 0.726708075 0.48333333281249996 0.731366459375 0.48 0.7298136640624999 0.467777778125 0.708074534375 0.46333333281250005 0.69720496875 0.4688888890625 0.6987577640625 0.48 0.7065217390625 0.48444444375
0 0.77950310625 0.67555555625 0.7981366453125001 0.6733333328125 0.80279503125 0.6599999999999999 0.7965838515625 0.6555555562500001 0.77950310625 0.65444444375 0.7670807453124999 0.6611111109375 0.7701863359375001 0.672222221875 0.77950310625 0.67555555625
0 0.3012422359375 0.272222221875 0.315217390625 0.26888888906249997 0.31832298125 0.25444444375 0.2965838515625 0.2488888890625 0.28416149062499996 0.25666666718750003 0.28571428593750003 0.26777777812500003 0.3012422359375 0.272222221875
0 0.32763975156249997 0.19 0.344720496875 0.1888888890625 0.3509316765625 0.177777778125 0.34627329218749997 0.1711111109375 0.32298136718750003 0.167777778125 0.313664596875 0.17555555625000002 0.31832298125 0.18444444375 0.32763975156249997 0.19
0 0.4534161484375 0.3688888890625 0.46428571406249997 0.3688888890625 0.4720496890625 0.3611111109375 0.4720496890625 0.34888888906250004 0.4534161484375 0.3433333328125 0.44409937812500005 0.347777778125 0.4409937890625 0.36 0.4534161484375 0.3688888890625
0 0.4518633546875 0.11000000000000001 0.40062111875 0.11000000000000001 0.40527950312499994 0.12222222187500001 0.4456521734375 0.1233333328125 0.4518633546875 0.1166666671875 0.4518633546875 0.11000000000000001
0 0.5031055906249999 0.43333333281249997 0.5217391296875 0.4311111109375 0.526397515625 0.4266666671875 0.523291925 0.41444444375 0.5031055906249999 0.41 0.49223602499999997 0.41444444375 0.4906832296875 0.42555555624999997 0.5031055906249999 0.43333333281249997
0 0.29037267031249997 0.357777778125 0.307453415625 0.36 0.31832298125 0.35444444375 0.3198757765625 0.342222221875 0.313664596875 0.33555555625 0.3012422359375 0.33555555625 0.288819875 0.33999999999999997 0.28571428593750003 0.35111111093749997 0.29037267031249997 0.357777778125
0 0.276397515625 0.507777778125 0.2934782609375 0.5111111109375 0.313664596875 0.502222221875 0.3307453421875 0.5011111109375 0.3354037265625 0.4933333328125 0.32608695625 0.487777778125 0.307453415625 0.4933333328125 0.27950310625 0.49444444374999996 0.276397515625 0.507777778125
0 0.8385093171875001 0.23444444375 0.8509316765625 0.23444444375 0.8586956515624999 0.21888888906249998 0.8385093171875001 0.2066666671875 0.8214285718750001 0.20555555625 0.8167701859375001 0.21444444375 0.829192546875 0.2288888890625 0.8385093171875001 0.23444444375
0 0.41925465781250004 0.21000000000000002 0.434782609375 0.20888888906249997 0.44720496875000004 0.20111111093749998 0.4456521734375 0.1888888890625 0.4177018640625 0.18555555625 0.4068322984375 0.19 0.4021739125 0.20111111093749998 0.41925465781250004 0.21000000000000002
0 0.29037267031249997 0.7466666671875 0.31055900625 0.7466666671875 0.32142857187499996 0.74 0.32142857187499996 0.7288888890624999 0.3012422359375 0.7211111109375 0.2779503109375 0.7288888890624999 0.27950310625 0.742222221875 0.29037267031249997 0.7466666671875
0 0.200310559375 0.3688888890625 0.21583850937500001 0.367777778125 0.22670807499999998 0.357777778125 0.22670807499999998 0.34888888906250004 0.21583850937500001 0.3411111109375 0.200310559375 0.33999999999999997 0.1878881984375 0.34555555625 0.18633540312500002 0.357777778125 0.200310559375 0.3688888890625
0 0.586956521875 0.377777778125 0.602484471875 0.37 0.5962732921875 0.3566666671875 0.5543478265624999 0.35555555625 0.5465838515625 0.3688888890625 0.5574534156250001 0.37555555625000003 0.586956521875 0.377777778125
0 0.15062111875 0.48111111093750003 0.1614906828125 0.48111111093750003 0.17701863281250002 0.47222222187499996 0.17701863281250002 0.45999999999999996 0.1490683234375 0.45 0.1335403734375 0.457777778125 0.1335403734375 0.4711111109375 0.15062111875 0.48111111093750003
0 0.458074534375 0.7411111109374999 0.4829192546875 0.74 0.49378882031250004 0.7311111109375 0.4906832296875 0.7188888890625 0.4751552796875 0.71 0.4518633546875 0.707777778125 0.4378881984375 0.717777778125 0.4378881984375 0.7333333328125 0.458074534375 0.7411111109374999
0 0.147515528125 0.7933333328125001 0.1645962734375 0.802222221875 0.1878881984375 0.7977777781250001 0.1878881984375 0.7833333328125 0.17701863281250002 0.7711111109375001 0.1273291921875 0.757777778125 0.12111801250000001 0.762222221875 0.124223603125 0.77444444375 0.147515528125 0.7933333328125001
0 0.69720496875 0.627777778125 0.7034161484375 0.647777778125 0.7220496890625 0.6488888890625 0.731366459375 0.637777778125 0.726708075 0.59555555625 0.71273291875 0.587777778125 0.6909937890625 0.587777778125 0.670807453125 0.59555555625 0.6677018640625 0.60555555625 0.69720496875 0.627777778125
0 0.5403726703125 0.43555555625000003 0.5357142859375 0.4411111109375 0.53726708125 0.4611111109375 0.555900621875 0.4711111109375 0.5807453421875 0.4688888890625 0.602484471875 0.44888888906249996 0.6195652171875 0.44444444375 0.6288819875 0.43666666718749997 0.6211180125 0.4233333328125 0.6071428578125 0.42111111093750003 0.5931677015625 0.43555555625000003 0.5512422359375 0.4311111109375 0.5403726703125 0.43555555625000003
0 0.42701863281249997 0.57444444375 0.45652173906250004 0.57555555625 0.5 0.5599999999999999 0.5 0.5466666671875 0.4906832296875 0.5388888890625 0.461180125 0.53 0.44409937812500005 0.53 0.428571428125 0.53444444375 0.41925465781250004 0.5466666671875 0.42701863281249997 0.57444444375
0 0.2748447203125 0.5477777781250001 0.291925465625 0.5611111109375 0.34627329218749997 0.5700000000000001 0.360248446875 0.5866666671874999 0.381987578125 0.5833333328125 0.3959627328125 0.57444444375 0.397515528125 0.5566666671875 0.3695652171875 0.5288888890625 0.3354037265625 0.52 0.30900621093749997 0.5188888890625 0.288819875 0.5211111109375001 0.2748447203125 0.53444444375 0.2748447203125 0.5477777781250001
0 0.868012421875 0.2788888890625 0.8664596265625001 0.29111111093750003 0.8835403734374999 0.30333333281249997 0.9130434781250001 0.31222222187500004 0.9720496890625 0.322222221875 0.9984472046875 0.3188888890625 1 0.26888888906249997 0.9409937890625001 0.25444444375 0.9021739125 0.25555555625 0.8866459624999999 0.26 0.868012421875 0.2788888890625
0 0.051242235937500005 0.902222221875 0.038819875 0.9011111109375 0.034161490625 0.912222221875 0.051242235937500005 0.9144444437500001 0.051242235937500005 0.902222221875