0 0.7604456828124999 0.5722222203125 0.9127205203125 0.55 0.8532961921875 0.46666666718750005 0.617455896875 0.3444444453125 0.45403899687499993 0.3388888875 0.22562674062500002 0.4 0.129062209375 0.45 0.1680594234375 0.49722222031249996 0.292479109375 0.5416666671875 0.3686165265625 0.5611111125 0.47446610937499994 0.5472222203125 0.60817084375 0.5972222203124999 0.7604456828124999 0.5722222203125
0 0.407613740625 0.8472222203124999 0.4113277625 0.9111111125000001 0.42432683281249994 0.9166666671874999 0.450324978125 0.8694444453125 0.450324978125 0.8194444453124999 0.4466109546875 0.7694444453125 0.41875580156250003 0.7972222203125 0.407613740625 0.8472222203124999
0 0.1395852671875 0.9629629625 0.129062209375 0.9805555546875 0.1272052 0.9976851828125 0.1674404203125 0.9953703703125001 0.1658929140625 0.9606481499999999 0.1395852671875 0.9629629625
0 0.1346332390625 0.7361111124999999 0.15134633125000002 0.725 0.14948932343750002 0.6888888875 0.1309192203125 0.6972222203125 0.1346332390625 0.7361111124999999
0 0.2984375 0.671875 0.02265625 0.0390625
0 0.21640625 0.875 0.0109375 0.021875
0 0.153125 0.8390625 0.01875 0.028125
0 0.0796875 0.85390625 0.01328125 0.0359375
0 0.134375 0.765625 0.01875 0.025
0 0.0609375 0.4125 0.0203125 0.04140625
0 0.41328125 0.2359375 0.01484375 0.028125
0 0.5921875 0.853125 0.01328125 0.01640625
0 0.4546875 0.74609375 0.01328125 0.025
0 0.1515625 0.5875 0.01875 0.046875
0 0.15234375 0.671875 0.009375 0.01640625
0 0.14921875 0.621875 0.01875 0.0109375