0 0.07125000000000001 0.07317073125 0.08875 0.07317073125 0.10500000000000001 0.0506566609375 0.10375000000000001 0.024390243750000002 0.0925 0.0093808625 0.075 0.007504690625 0.06 0.022514071875 0.058750000000000004 0.0525328328125 0.07125000000000001 0.07317073125
0 0 0.144465290625 0.01125 0.1575984984375 0.0325 0.1575984984375 0.045 0.1388367734375 0.045 0.11632270156249999 0.03375 0.095684803125 0.017499999999999998 0.0919324578125 0 0.1013133203125 0 0.144465290625
0 0 0.31894934375 0.017499999999999998 0.3339587234375 0.0375 0.32833020625 0.045 0.3095684796875 0.042499999999999996 0.2851782359375 0.028749999999999998 0.26829268281249996 0.0125 0.26829268281249996 0 0.27954971875 0 0.31894934375
0 0 0.497185740625 0.01125 0.5065666046875 0.027500000000000004 0.5065666046875 0.04 0.48968105 0.042499999999999996 0.46716697968750004 0.03 0.4446529078125 0.01 0.4409005625 0 0.44840525312499996 0 0.497185740625
0 0 0.6679174484375 0.01 0.6754221390625 0.027500000000000004 0.6754221390625 0.03875 0.66228893125 0.042499999999999996 0.6435272046875 0.03125 0.6191369609375 0.0125 0.6135084421875 0 0.6210131328124999 0 0.6679174484375
0 0 0.83864915625 0.01 0.846153846875 0.027500000000000004 0.846153846875 0.04 0.8273921203124999 0.04 0.8067542218750001 0.026250000000000002 0.782363978125 0.01 0.7804878046875 0 0.7861163234374999 0 0.83864915625
0 0.0325 1 0.03875 0.9887429640625 0.034999999999999996 0.96622889375 0.027500000000000004 0.9568480296875 0.005 0.9549718578125 0 0.9568480296875 0 1 0.0325 1
0 0.07625 0.24953095625000002 0.0925 0.24577861093750003 0.10375000000000001 0.2270168859375 0.1025 0.20075046875 0.09 0.1857410875 0.07375000000000001 0.183864915625 0.06 0.20262664218749998 0.06 0.23076923124999998 0.07625 0.24953095625000002
0 0.0725 0.42026266406249996 0.08875 0.42026266406249996 0.1 0.40712945625 0.1025 0.38086303906249996 0.09 0.3621013140625 0.0725 0.360225140625 0.06 0.375234521875 0.058750000000000004 0.4015009375 0.0725 0.42026266406249996
0 0.06625 0.5872420265625 0.09 0.5891181984375 0.1025 0.5684802999999999 0.10124999999999999 0.5478424015625001 0.08875 0.529080675 0.07375000000000001 0.527204503125 0.058750000000000004 0.542213884375 0.057499999999999996 0.5722326453125001 0.06625 0.5872420265625
0 0.06375 0.7579737328125 0.08 0.7636022515625001 0.09875 0.7485928703125 0.10124999999999999 0.72045028125 0.09 0.703564728125 0.075 0.6998123828125 0.058750000000000004 0.712945590625 0.05500000000000001 0.7373358343749999 0.06375 0.7579737328125
0 0.0625 0.92682926875 0.07375000000000001 0.9324577859375 0.08875 0.928705440625 0.09875 0.9118198874999999 0.09875 0.8930581609375 0.08875 0.8742964359375 0.0725 0.870544090625 0.057499999999999996 0.8836772984374999 0.05500000000000001 0.9099437140625 0.0625 0.92682926875
0 0.125 0.1557223265625 0.14250000000000002 0.16135084375 0.1575 0.15196998125 0.1625 0.120075046875 0.15375 0.10318949375 0.13874999999999998 0.09756097500000001 0.12 0.11257035625 0.11750000000000001 0.13696060000000002 0.125 0.1557223265625
0 0.13125 0.335834896875 0.155 0.3302063796875 0.1625 0.3095684796875 0.16 0.287054409375 0.15125 0.2757973734375 0.1325 0.27392120000000003 0.11625 0.28893058125 0.11625 0.31894934375 0.13125 0.335834896875
0 0.11499999999999999 0.49343339531249997 0.12875 0.5084427765624999 0.15125 0.50469043125 0.16125 0.48405253281249994 0.15875 0.45966228906250006 0.1375 0.4446529078125 0.12125 0.4521575984375 0.1125 0.472795496875 0.11499999999999999 0.49343339531249997
0 0.12625 0.6754221390625 0.15125 0.673545965625 0.16 0.654784240625 0.15625 0.6285178234375 0.14375 0.615384615625 0.1275 0.615384615625 0.11374999999999999 0.6341463421875 0.11374999999999999 0.6604127578125001 0.12625 0.6754221390625
0 0.125 0.846153846875 0.15 0.8405253281249999 0.15625 0.8273921203124999 0.1525 0.7973733578125 0.13999999999999999 0.7879924953125 0.12625 0.7879924953125 0.1125 0.8048780484375 0.11499999999999999 0.8348968109375001 0.125 0.846153846875
0 0.11499999999999999 1 0.15625 0.998123828125 0.15625 0.9737335828125 0.15 0.960600375 0.125 0.9549718578125 0.11499999999999999 0.9643527203125 0.11125 0.977485928125 0.11499999999999999 1
0 0.1825 0.071294559375 0.205 0.0769230765625 0.21749999999999997 0.065666040625 0.2225 0.0375234515625 0.20875 0.016885553125 0.1925 0.01500938125 0.1775 0.0281425890625 0.175 0.0525328328125 0.1825 0.071294559375
0 0.1875 0.2514071296875 0.205 0.2514071296875 0.22000000000000003 0.2288930578125 0.21875 0.2063789875 0.20625 0.1894934328125 0.19 0.1876172609375 0.17375000000000002 0.208255159375 0.175 0.2363977484375 0.1875 0.2514071296875
0 0.185 0.42213883750000003 0.20375000000000001 0.42213883750000003 0.21625 0.40900562812499996 0.21875 0.37898686718749997 0.21000000000000002 0.3639774859375 0.19 0.35834896875 0.17625 0.369606003125 0.17124999999999999 0.3977485921875 0.185 0.42213883750000003
0 0.185 0.590994371875 0.205 0.590994371875 0.21749999999999997 0.5703564734375 0.21625 0.5478424015625001 0.205 0.5309568484375 0.19 0.527204503125 0.17375000000000002 0.5440900562500001 0.17124999999999999 0.5703564734375 0.185 0.590994371875
0 0.185 0.7636022515625001 0.20625 0.7617260781249999 0.215 0.7467166984375 0.215 0.7223264546875 0.20249999999999999 0.703564728125 0.1875 0.7016885546875 0.17375000000000002 0.7148217640625 0.17124999999999999 0.7448405250000001 0.185 0.7636022515625001
0 0.18625 0.928705440625 0.20249999999999999 0.9230769234375 0.21125 0.902439025 0.20875 0.8855534703125001 0.20125 0.8742964359375 0.18375 0.8724202625 0.17124999999999999 0.8855534703125001 0.17124999999999999 0.9136960593750001 0.18625 0.928705440625
0 0.24 0.16135084375 0.255 0.1669793625 0.275 0.14821763593749998 0.27875 0.12382739218750001 0.26625 0.105065665625 0.24874999999999997 0.1013133203125 0.23500000000000001 0.11257035625 0.23125 0.14258911875 0.24 0.16135084375
0 0.2425 0.33771106875 0.26625 0.33771106875 0.27875 0.31894934375 0.27875 0.29643527187499996 0.26749999999999996 0.2776735453125 0.25 0.27392120000000003 0.2325 0.28893058125 0.22999999999999998 0.3170731703125 0.2425 0.33771106875
0 0.27999999999999997 0.5928705437499999 0.28875 0.6041275796875001 0.31625000000000003 0.6003752343750001 0.33125 0.5722326453125001 0.32999999999999996 0.5553470921875 0.32125 0.5365853656249999 0.3 0.5309568484375 0.28500000000000003 0.542213884375 0.27749999999999997 0.566604128125 0.27999999999999997 0.5928705437499999
0 0.24125000000000002 0.51031895 0.2625 0.51031895 0.275 0.4915572234375 0.27625 0.46716697968750004 0.26625 0.45028142656250003 0.24874999999999997 0.44652908125 0.23125 0.4615384609375 0.22875 0.48780487812500006 0.24125000000000002 0.51031895
0 0.22875 0.6660412765625 0.24375 0.6810506562499999 0.26125 0.679174484375 0.275 0.6585365859375 0.27375 0.6341463421875 0.26375000000000004 0.6210131328124999 0.25125000000000003 0.6172607875 0.23500000000000001 0.6266416515625 0.22625 0.6435272046875 0.22875 0.6660412765625
0 0.23625 0.8424015015625 0.25375000000000003 0.84803001875 0.27125 0.8330206375 0.2725 0.8067542218750001 0.26375000000000004 0.7898686671874999 0.25 0.78424015 0.22999999999999998 0.7973733578125 0.22625 0.823639775 0.23625 0.8424015015625
0 0.26875 0.998123828125 0.27 0.977485928125 0.26125 0.958724203125 0.2375 0.9549718578125 0.225 0.9718574109375 0.22625 1 0.26875 0.998123828125
0 0.30375 0.0750469046875 0.32875 0.0750469046875 0.33999999999999997 0.05440900625 0.33875 0.03377110625 0.32875 0.01500938125 0.3125 0.0131332078125 0.2975 0.024390243750000002 0.2925 0.056285178125 0.30375 0.0750469046875
0 0.3025 0.255159475 0.325 0.2532833015625 0.3375 0.23264540312499998 0.33625 0.20450281406249998 0.3225 0.1894934328125 0.30625 0.1876172609375 0.28875 0.20262664218749998 0.28625 0.23264540312499998 0.3025 0.255159475
0 0.3025 0.42589118125000003 0.32625000000000004 0.42026266406249996 0.335 0.4052532828125 0.33375 0.38086303906249996 0.32 0.3639774859375 0.30125 0.3639774859375 0.28625 0.3864915578125 0.29125 0.41651031875 0.3025 0.42589118125000003
0 0.29874999999999996 0.7654784234374999 0.3175 0.7636022515625001 0.32875 0.7467166984375 0.32875 0.72045028125 0.31875 0.7054408999999999 0.3 0.703564728125 0.28500000000000003 0.72045028125 0.28500000000000003 0.7485928703125 0.29874999999999996 0.7654784234374999
0 0.29125 0.9305816140625 0.30874999999999997 0.9343339593750001 0.3225 0.9249530953124999 0.32875 0.894934334375 0.3175 0.8724202625 0.30125 0.8686679171874999 0.28375 0.8855534703125001 0.28125 0.9136960593750001 0.29125 0.9305816140625
0 0.36375 0.1669793625 0.3875 0.16135084375 0.395 0.14258911875 0.39375 0.12382739218750001 0.3825 0.10881801093750001 0.365 0.10694183906250002 0.35 0.1257035640625 0.35125 0.153846153125 0.36375 0.1669793625
0 0.36124999999999996 0.3414634140625 0.38125 0.3395872421875 0.39249999999999996 0.31894934375 0.39249999999999996 0.29643527187499996 0.3825 0.27954971875 0.365 0.2757973734375 0.34875 0.2908067546875 0.34625 0.32270168906249996 0.36124999999999996 0.3414634140625
0 0.34625 0.49530956875000004 0.36 0.5121951218749999 0.385 0.5065666046875 0.39125 0.49343339531249997 0.39 0.46529080624999997 0.38 0.45028142656250003 0.36124999999999996 0.44840525312499996 0.3525 0.454033771875 0.34500000000000003 0.470919325 0.34625 0.49530956875000004
0 0.3525 0.6772983109374999 0.36875 0.6810506562499999 0.385 0.6679174484375 0.38875000000000004 0.639774859375 0.38 0.62288930625 0.36375 0.6172607875 0.34375 0.6360225140625 0.34125 0.6585365859375 0.3525 0.6772983109374999
0 0.33875 0.825515946875 0.3525 0.846153846875 0.37124999999999997 0.8499061906250001 0.385 0.8367729828125 0.3875 0.8123827390624999 0.37875000000000003 0.7917448406250001 0.365 0.7861163234374999 0.35 0.7917448406250001 0.34125 0.8048780484375 0.33875 0.825515946875
0 0.38125 1 0.38 0.9681050656249999 0.37 0.9568480296875 0.35625 0.9549718578125 0.33999999999999997 0.9699812375000001 0.33999999999999997 1 0.38125 1
0 0.4175 0.0825515953125 0.4375 0.0844277671875 0.4525 0.0675422140625 0.45499999999999996 0.041275796875 0.44749999999999995 0.022514071875 0.425 0.016885553125 0.40875000000000006 0.03377110625 0.40750000000000003 0.061913695312499996 0.4175 0.0825515953125
0 0.40374999999999994 0.24390243906250003 0.41875 0.2589118203125 0.44000000000000006 0.2532833015625 0.45 0.2345215765625 0.44625000000000004 0.2063789875 0.42625 0.193245778125 0.41125 0.198874296875 0.4025 0.21575985000000003 0.40374999999999994 0.24390243906250003
0 0.40625 0.41651031875 0.42000000000000004 0.42776735468749993 0.4425 0.42026266406249996 0.45 0.399624765625 0.44375 0.3714821765625 0.42750000000000005 0.3621013140625 0.41 0.369606003125 0.40125 0.390243903125 0.40625 0.41651031875
0 0.41500000000000004 0.5984990625 0.43375 0.5966228890624999 0.445 0.58348968125 0.44749999999999995 0.5572232640625 0.43499999999999994 0.5384615390625 0.4175 0.53470919375 0.4025 0.545966228125 0.4 0.5816135078125 0.41500000000000004 0.5984990625
0 0.4125 0.7654784234374999 0.43125 0.7636022515625001 0.4425 0.7467166984375 0.4425 0.72045028125 0.43 0.703564728125 0.41500000000000004 0.7016885546875 0.39875 0.718574109375 0.39875 0.7485928703125 0.4125 0.7654784234374999
0 0.4125 0.9324577859375 0.43125 0.928705440625 0.44125 0.9099437140625 0.44000000000000006 0.88742964375 0.42874999999999996 0.870544090625 0.4125 0.8686679171874999 0.4 0.881801125 0.39625 0.9136960593750001 0.4125 0.9324577859375
0 0.47874999999999995 0.168855534375 0.49625 0.1669793625 0.5075000000000001 0.15196998125 0.5075000000000001 0.1275797375 0.49874999999999997 0.11257035625 0.47874999999999995 0.110694184375 0.465 0.1257035640625 0.465 0.15196998125 0.47874999999999995 0.168855534375
0 0.47625 0.3470919328125 0.49000000000000005 0.3470919328125 0.5025000000000001 0.335834896875 0.50875 0.305816134375 0.49874999999999997 0.287054409375 0.47874999999999995 0.27954971875 0.4625 0.29643527187499996 0.46375 0.3320825515625 0.47625 0.3470919328125
0 0.46624999999999994 0.5121951218749999 0.48624999999999996 0.5159474671875001 0.50125 0.502814259375 0.505 0.47842401562500003 0.49625 0.45590994374999994 0.47625 0.45028142656250003 0.46125 0.463414634375 0.4575 0.49530956875000004 0.46624999999999994 0.5121951218749999
0 0.45999999999999996 0.6754221390625 0.4725 0.6848030015625 0.49625 0.6754221390625 0.5037499999999999 0.6529080671874999 0.49375 0.62288930625 0.47874999999999995 0.6172607875 0.45875000000000005 0.6322701687500001 0.45375 0.654784240625 0.45999999999999996 0.6754221390625
0 0.465 0.846153846875 0.485 0.8499061906250001 0.49749999999999994 0.8348968109375001 0.49874999999999997 0.80863039375 0.4925 0.7936210125 0.475 0.7879924953125 0.45999999999999996 0.79924953125 0.45375 0.825515946875 0.465 0.846153846875
0 0.49749999999999994 1 0.49625 0.9718574109375 0.49000000000000005 0.960600375 0.46875 0.9568480296875 0.45375 0.9737335828125 0.45499999999999996 1 0.49749999999999994 1
0 0.5349999999999999 0.08630394062499999 0.5549999999999999 0.08630394062499999 0.56875 0.0675422140625 0.56875 0.039399625 0.5575 0.024390243750000002 0.5387500000000001 0.022514071875 0.5225 0.043151970312499996 0.5237499999999999 0.071294559375 0.5349999999999999 0.08630394062499999
0 0.53125 0.2589118203125 0.54875 0.2607879921875 0.5650000000000001 0.24202626718750003 0.5675 0.21575985000000003 0.55375 0.1951219515625 0.5375 0.193245778125 0.52 0.2101313328125 0.5175 0.24015009375 0.53125 0.2589118203125
0 0.5275000000000001 0.4296435265625 0.5475 0.43151970000000006 0.5599999999999999 0.41651031875 0.5625 0.39587242031250003 0.54875 0.3714821765625 0.53625 0.369606003125 0.5175 0.3883677296875 0.51625 0.40900562812499996 0.5275000000000001 0.4296435265625
0 0.53 0.6003752343750001 0.5475 0.5984990625 0.56125 0.5778611625 0.56125 0.5553470921875 0.5475 0.53470919375 0.53125 0.53470919375 0.515 0.551594746875 0.51375 0.5797373359375 0.53 0.6003752343750001
0 0.52625 0.767354596875 0.54625 0.7636022515625001 0.55625 0.7467166984375 0.5549999999999999 0.7223264546875 0.54625 0.7073170734375 0.5287499999999999 0.703564728125 0.51375 0.718574109375 0.5125 0.75046904375 0.52625 0.767354596875
0 0.5175 0.9249530953124999 0.5325 0.9305816140625 0.54875 0.9193245781250001 0.5525 0.8930581609375 0.545 0.8761726078125 0.5275000000000001 0.870544090625 0.5125 0.8855534703125001 0.51 0.9118198874999999 0.5175 0.9249530953124999
0 0.5775 0.1575984984375 0.5925 0.17448405312499998 0.61 0.1726078796875 0.6212500000000001 0.153846153125 0.61875 0.12382739218750001 0.60375 0.110694184375 0.58375 0.120075046875 0.57625 0.13696060000000002 0.5775 0.1575984984375
0 0.5912499999999999 0.3470919328125 0.61 0.345215759375 0.62 0.3302063796875 0.6212500000000001 0.2983114453125 0.61 0.2833020640625 0.5912499999999999 0.2833020640625 0.575 0.3039399625 0.57625 0.3302063796875 0.5912499999999999 0.3470919328125
0 0.58375 0.5121951218749999 0.6075 0.5121951218749999 0.61875 0.4915572234375 0.6174999999999999 0.46529080624999997 0.60875 0.4521575984375 0.5912499999999999 0.45028142656250003 0.57375 0.4690431515625 0.5725 0.4915572234375 0.58375 0.5121951218749999
0 0.5700000000000001 0.6679174484375 0.5862499999999999 0.6829268296875 0.6075 0.679174484375 0.61625 0.6566604125 0.6125 0.6322701687500001 0.59375 0.6210131328124999 0.5775 0.630393996875 0.5675 0.6529080671874999 0.5700000000000001 0.6679174484375
0 0.58125 0.8499061906250001 0.5974999999999999 0.8499061906250001 0.61125 0.8330206375 0.61125 0.8067542218750001 0.59875 0.7879924953125 0.58375 0.7879924953125 0.56875 0.8030018765625 0.5662499999999999 0.831144465625 0.58125 0.8499061906250001
0 0.61 1 0.60625 0.96622889375 0.5974999999999999 0.9568480296875 0.5862499999999999 0.9568480296875 0.5675 0.9737335828125 0.5675 1 0.61 1
0 0.65 0.09005628593750001 0.66875 0.09005628593750001 0.67875 0.07879925 0.6837500000000001 0.048780487500000004 0.67125 0.026266417187500002 0.655 0.024390243750000002 0.63875 0.041275796875 0.63875 0.0769230765625 0.65 0.09005628593750001
0 0.64375 0.2589118203125 0.66125 0.262664165625 0.675 0.2514071296875 0.6799999999999999 0.223264540625 0.6725 0.20262664218749998 0.6537499999999999 0.1969981234375 0.63875 0.2101313328125 0.63375 0.2345215765625 0.64375 0.2589118203125
0 0.64125 0.4296435265625 0.6575 0.43151970000000006 0.67125 0.41651031875 0.675 0.392120075 0.66125 0.369606003125 0.65 0.369606003125 0.63125 0.3864915578125 0.6287499999999999 0.40712945625 0.64125 0.4296435265625
0 0.64375 0.5984990625 0.6599999999999999 0.5966228890624999 0.67125 0.5759849906250001 0.67 0.5497185734375 0.6599999999999999 0.5365853656249999 0.645 0.5365853656249999 0.63 0.551594746875 0.6275000000000001 0.5797373359375 0.64375 0.5984990625
0 0.63375 0.7636022515625001 0.6575 0.7636022515625001 0.6675 0.7485928703125 0.6675 0.72045028125 0.6587500000000001 0.7073170734375 0.64125 0.7054408999999999 0.62625 0.72045028125 0.625 0.7467166984375 0.63375 0.7636022515625001
0 0.6325000000000001 0.9343339593750001 0.6525000000000001 0.9324577859375 0.6637500000000001 0.9118198874999999 0.6625 0.8911819890625001 0.6487499999999999 0.8742964359375 0.6375 0.8742964359375 0.6212500000000001 0.8930581609375 0.62 0.9136960593750001 0.6325000000000001 0.9343339593750001
0 0.71875 1 0.71875 0.9718574109375 0.71 0.960600375 0.69625 0.958724203125 0.6799999999999999 0.9718574109375 0.67875 1 0.71875 1
0 0.6925 0.8499061906250001 0.71 0.84803001875 0.72 0.8292682921875001 0.71875 0.8067542218750001 0.7112499999999999 0.7936210125 0.6950000000000001 0.7936210125 0.6825 0.8067542218750001 0.6799999999999999 0.8348968109375001 0.6925 0.8499061906250001
0 0.6825 0.6697936203125 0.6950000000000001 0.6848030015625 0.71375 0.6829268296875 0.7275 0.6604127578125001 0.7224999999999999 0.630393996875 0.7125 0.6191369609375 0.70375 0.6191369609375 0.6925 0.6247654781249999 0.6799999999999999 0.6529080671874999 0.6825 0.6697936203125
0 0.6912499999999999 0.51031895 0.70375 0.5178236390625 0.72 0.5140712953125 0.73 0.497185740625 0.7275 0.46529080624999997 0.70875 0.4521575984375 0.69625 0.45966228906250006 0.68625 0.4803001875 0.6912499999999999 0.51031895
0 0.70375 0.3470919328125 0.7224999999999999 0.3489681046875 0.735 0.3339587234375 0.735 0.3039399625 0.72375 0.287054409375 0.71 0.287054409375 0.6912499999999999 0.305816134375 0.6912499999999999 0.32833020625 0.70375 0.3470919328125
0 0.7075 0.1782363984375 0.7275 0.17636022499999998 0.7375 0.1632270171875 0.74 0.135084428125 0.7275 0.11632270156249999 0.7112499999999999 0.11444652968749999 0.69375 0.129455909375 0.6925 0.159474671875 0.7075 0.1782363984375
0 0.76375 0.0919324578125 0.78625 0.09005628593750001 0.79625 0.0750469046875 0.7975 0.048780487500000004 0.7837500000000001 0.0300187625 0.76875 0.0281425890625 0.7525000000000001 0.043151970312499996 0.7525000000000001 0.0769230765625 0.76375 0.0919324578125
0 0.74875 0.2514071296875 0.76125 0.2645403375 0.78 0.262664165625 0.7925 0.24390243906250003 0.79125 0.21575985000000003 0.77125 0.198874296875 0.755 0.2063789875 0.745 0.2288930578125 0.74875 0.2514071296875
0 0.7537499999999999 0.433395871875 0.7737499999999999 0.43714821718749997 0.7875 0.424015009375 0.79125 0.390243903125 0.7787499999999999 0.369606003125 0.76625 0.36772983125 0.7462500000000001 0.3864915578125 0.74125 0.4052532828125 0.7537499999999999 0.433395871875
0 0.755 0.6041275796875001 0.78125 0.5984990625 0.7887500000000001 0.5816135078125 0.7875 0.5572232640625 0.775 0.542213884375 0.75625 0.5403377109374999 0.74 0.5590994375 0.7424999999999999 0.5928705437499999 0.755 0.6041275796875001
0 0.74375 0.767354596875 0.76 0.7729831140625001 0.7787499999999999 0.7579737328125 0.78125 0.727954971875 0.7737499999999999 0.712945590625 0.75875 0.7073170734375 0.74125 0.72045028125 0.7375 0.752345215625 0.74375 0.767354596875
0 0.74375 0.93621013125 0.75875 0.9399624765624999 0.7775000000000001 0.9249530953124999 0.7787499999999999 0.8968105062499999 0.76875 0.8761726078125 0.7537499999999999 0.8724202625 0.74 0.8836772984374999 0.7325 0.9136960593750001 0.74375 0.93621013125
0 0.83125 1 0.82875 0.9699812375000001 0.8225 0.960600375 0.8087500000000001 0.9568480296875 0.79125 0.9718574109375 0.79 1 0.83125 1
0 0.94375 1 0.9412499999999999 0.9718574109375 0.9324999999999999 0.960600375 0.91875 0.958724203125 0.9025000000000001 0.9737335828125 0.89875 0.998123828125 0.94375 1
0 0.8550000000000001 0.9380863046875 0.875 0.93621013125 0.8862500000000001 0.9193245781250001 0.8862500000000001 0.889305815625 0.87625 0.8742964359375 0.8574999999999999 0.8724202625 0.8412499999999999 0.8911819890625001 0.8425 0.9249530953124999 0.8550000000000001 0.9380863046875
0 0.8012499999999999 0.8517823640625 0.8225 0.8517823640625 0.835 0.8348968109375001 0.835 0.8067542218750001 0.8262499999999999 0.7936210125 0.80625 0.7917448406250001 0.79125 0.8067542218750001 0.79 0.8367729828125 0.8012499999999999 0.8517823640625
0 0.80625 0.6885553468750001 0.8262499999999999 0.6885553468750001 0.8400000000000001 0.6697936203125 0.8400000000000001 0.64165103125 0.8275 0.6247654781249999 0.81125 0.6247654781249999 0.79375 0.6435272046875 0.7925 0.67166979375 0.80625 0.6885553468750001
0 0.8012499999999999 0.5065666046875 0.81375 0.5196998125000001 0.83625 0.5121951218749999 0.84375 0.497185740625 0.8425 0.46716697968750004 0.82 0.454033771875 0.80375 0.46716697968750004 0.79625 0.48968105 0.8012499999999999 0.5065666046875
0 0.81875 0.35084427812499996 0.8375 0.3470919328125 0.8474999999999999 0.326454034375 0.845 0.29643527187499996 0.8375 0.287054409375 0.82 0.2851782359375 0.80375 0.302063790625 0.8025 0.3320825515625 0.81875 0.35084427812499996
0 0.8074999999999999 0.1669793625 0.8225 0.1819887421875 0.84375 0.17636022499999998 0.85375 0.153846153125 0.85125 0.129455909375 0.83125 0.11444652968749999 0.8125 0.1257035640625 0.805 0.1407129453125 0.8074999999999999 0.1669793625
0 0.875 0.0938086296875 0.8975 0.095684803125 0.9112500000000001 0.0769230765625 0.9125 0.0506566609375 0.90625 0.0375234515625 0.8862500000000001 0.0300187625 0.8675 0.046904315625 0.865 0.0750469046875 0.875 0.0938086296875
0 0.98375 0.0938086296875 1 0.10318949375 0.99875 0.0281425890625 0.9800000000000001 0.045028142187499995 0.975 0.071294559375 0.98375 0.0938086296875
0 0.9199999999999999 0.16510318906250002 0.9337500000000001 0.183864915625 0.95625 0.1819887421875 0.9662499999999999 0.1669793625 0.9662499999999999 0.135084428125 0.9487500000000001 0.11632270156249999 0.92875 0.12382739218750001 0.9199999999999999 0.1407129453125 0.9199999999999999 0.16510318906250002
0 0.8637499999999999 0.2532833015625 0.88125 0.26829268281249996 0.89875 0.2607879921875 0.9087500000000001 0.24015009375 0.905 0.21388367656249999 0.885 0.198874296875 0.86875 0.2101313328125 0.86 0.2345215765625 0.8637499999999999 0.2532833015625
0 0.8574999999999999 0.42026266406249996 0.8699999999999999 0.4352720453125 0.89375 0.4296435265625 0.9012499999999999 0.41088180156250004 0.8975 0.3827392125 0.8787499999999999 0.3733583484375 0.8625 0.3827392125 0.8550000000000001 0.4015009375 0.8574999999999999 0.42026266406249996
0 0.9225 0.3470919328125 0.9400000000000001 0.35272044999999996 0.9550000000000001 0.3414634140625 0.95875 0.313320825 0.9487500000000001 0.2908067546875 0.9337500000000001 0.28893058125 0.91875 0.3039399625 0.91625 0.32457786093749996 0.9225 0.3470919328125
0 0.97625 0.2607879921875 0.9949999999999999 0.27392120000000003 1 0.27392120000000003 0.99875 0.20075046875 0.98125 0.2101313328125 0.9712500000000001 0.2288930578125 0.97625 0.2607879921875
0 1 0.375234521875 0.9862500000000001 0.375234521875 0.96875 0.392120075 0.9662499999999999 0.42026266406249996 0.975 0.43902439062500004 1 0.4446529078125 1 0.375234521875
0 0.9225 0.5196998125000001 0.93875 0.5196998125000001 0.95625 0.49530956875000004 0.9525 0.470919325 0.93625 0.454033771875 0.92125 0.45966228906250006 0.9087500000000001 0.4915572234375 0.9225 0.5196998125000001
0 0.8550000000000001 0.5928705437499999 0.86875 0.6041275796875001 0.89125 0.5984990625 0.89875 0.5816135078125 0.89625 0.551594746875 0.8775000000000001 0.5403377109374999 0.86 0.5497185734375 0.8525 0.5628517828125 0.8550000000000001 0.5928705437499999
0 1 0.542213884375 0.9949999999999999 0.542213884375 0.97625 0.5497185734375 0.9662499999999999 0.566604128125 0.9675 0.5947467171875 0.9862500000000001 0.6116322703125 1 0.609756096875 1 0.542213884375
0 0.9087500000000001 0.673545965625 0.9237500000000001 0.6904315203125 0.94375 0.6848030015625 0.9525 0.66228893125 0.9475 0.6360225140625 0.9337500000000001 0.6266416515625 0.91375 0.639774859375 0.90625 0.6566604125 0.9087500000000001 0.673545965625
0 1 0.712945590625 0.9862500000000001 0.7073170734375 0.9712500000000001 0.7148217640625 0.95875 0.7467166984375 0.97 0.7711069421875 0.9875 0.776735459375 1 0.76923076875 1 0.712945590625
0 0.8487500000000001 0.7467166984375 0.86 0.767354596875 0.87625 0.76923076875 0.8887499999999999 0.7579737328125 0.8925000000000001 0.7448405250000001 0.89 0.72045028125 0.8724999999999999 0.7091932453124999 0.8574999999999999 0.7166979359375001 0.85 0.7317073171875 0.8487500000000001 0.7467166984375
0 0.9099999999999999 0.8499061906250001 0.92875 0.8555347093749999 0.945 0.8405253281249999 0.94625 0.8123827390624999 0.9375 0.7973733578125 0.9237500000000001 0.7954971859375 0.90625 0.8105065671875 0.9037499999999999 0.8348968109375001 0.9099999999999999 0.8499061906250001
0 0.9650000000000001 0.93621013125 0.98375 0.9399624765624999 0.99875 0.9230769234375 0.99875 0.88742964375 0.99 0.8761726078125 0.9775 0.8761726078125 0.9574999999999999 0.8930581609375 0.9550000000000001 0.9136960593750001 0.9650000000000001 0.93621013125
0 0.82125 0.0112570359375 0.8462500000000001 0.001876171875 0.8087500000000001 0 0.82125 0.0112570359375
0 0.93625 0.0093808625 0.9637499999999999 0.001876171875 0.9275 0 0.93625 0.0093808625